0.0561349391937
0.0120871067047
0.0463099479675
0.0813980102539
0.0311579704285
0.118391990662
0.0860779285431
0.016364812851
0.0949051380157
0.221911907196
0.105667114258
0.120018005371
0.0204019546509
0.0222911834717
0.0371558666229
0.123355150223
0.00681090354919
0.0114390850067
0.0394690036774
0.138406038284
0.100638866425
0.0211930274963
0.00581288337708
0.156424999237
0.155440092087
0.100779056549
0.0446150302887
5.3882598877e-05
0.000152111053467
0.0178239345551
0.235528945923
0.186264038086
8.39233398438e-05
0.116664886475
0.128341913223
0.0143260955811
0.0726330280304
0.00115990638733
0.140423059464
0.0187270641327
0.0492689609528
0.0910499095917
0.136204957962
0.039922952652
0.0502948760986
0.148852825165
0.0434150695801
0.00028395652771
0.00170493125916
0.0148520469666
0.281675815582
0.313393115997
0.015095949173
0.0576009750366
0.0404570102692
0.00128293037415
0.0111019611359
0.00357508659363
0.00841999053955
0.0511958599091
0.20766711235
0.173765897751
0.0507237911224
0.0579268932343
0.116852998734
0.00208806991577
0.072536945343
0.087718963623
0.0285851955414
0.000108957290649
0.0956599712372
0.00221395492554
0.0634489059448
0.0421469211578
0.0852210521698
0.0604610443115
0.103837013245
0.00649499893188
0.153888225555
0.190274953842
0.0295920372009
0.22300696373
0.0433859825134
0.00239300727844
0.0418338775635
0.232517957687
0.0693380832672
0.000378131866455
0.0265510082245
0.109174013138
0.053092956543
0.0483028888702
0.0103650093079
0.236925125122
0.208474874496
0.00109910964966
0.00475001335144
0.110754966736
0.0127658843994
0.0643038749695
